14 0.2906666666666667 0.247 0.3466666666666667 0.19
14 0.45199999999999996 0.32 0.264 0.176
14 0.6373333333333333 0.28500000000000003 0.368 0.186
14 0.2813333333333333 0.489 0.27999999999999997 0.186
14 0.5066666666666666 0.464 0.288 0.14400000000000002
14 0.7333333333333333 0.493 0.39999999999999997 0.198
14 0.42133333333333334 0.6 0.3253333333333333 0.20800000000000002
14 0.6799999999999999 0.603 0.432 0.218
14 0.30933333333333335 0.796 0.3893333333333333 0.28
14 0.6719999999999999 0.875 0.37866666666666665 0.194
