27 0.41400000000000003 0.3484107579462103 0.192 0.24205378973105135
27 0.166 0.39731051344743273 0.244 0.18337408312958436
27 0.363 0.6748166259168704 0.214 0.21026894865525672
27 0.595 0.3704156479217604 0.146 0.2762836185819071
27 0.78 0.402200488997555 0.184 0.1491442542787286
27 0.14100000000000001 0.6026894865525673 0.15 0.11491442542787286
27 0.202 0.7921760391198044 0.116 0.15647921760391198
27 0.545 0.8545232273838631 0.21 0.15403422982885084
27 0.768 0.7481662591687042 0.184 0.28361858190709044
27 0.921 0.6234718826405868 0.138 0.1271393643031785
27 0.301 0.15036674816625917 0.202 0.1393643031784841
27 0.887 0.3056234718826406 0.138 0.21515892420537897
27 0.40900000000000003 0.5757946210268948 0.222 0.12469437652811736
27 0.865 0.1430317848410758 0.138 0.13447432762836187
