27 0.6719999999999999 0.5653206650831354 0.31466666666666665 0.37054631828978624
27 0.9113333333333333 0.653206650831354 0.17466666666666666 0.24228028503562946
27 0.35666666666666663 0.656769596199525 0.09733333333333333 0.1163895486935867
27 0.24933333333333332 0.6935866983372921 0.13333333333333333 0.1330166270783848
27 0.078 0.672209026128266 0.09466666666666666 0.13776722090261284
27 0.49266666666666664 0.6591448931116389 0.11066666666666666 0.11163895486935868
27 0.42266666666666663 0.7137767220902613 0.09066666666666666 0.09263657957244656
27 0.6153333333333333 0.6912114014251782 0.092 0.12826603325415678
27 0.7186666666666667 0.7173396674584324 0.10933333333333332 0.11876484560570072
27 0.9093333333333333 0.7874109263657958 0.10133333333333333 0.12589073634204276
