24 0.4175 0.3732824427480916 0.1975 0.24274809160305344
24 0.5700000000000001 0.6854961832061068 0.105 0.1984732824427481
24 0.440625 0.6923664122137404 0.15875 0.16030534351145037
24 0.65125 0.5206106870229008 0.13 0.23206106870229007
24 0.273125 0.47022900763358777 0.14875 0.15877862595419848
24 0.47875 0.5381679389312977 0.1375 0.1847328244274809
24 0.376875 0.19923664122137405 0.14875 0.1450381679389313
24 0.5375 0.22442748091603054 0.115 0.15877862595419848
24 0.639375 0.20610687022900764 0.09625 0.17099236641221374
24 0.400625 0.5603053435114503 0.11875000000000001 0.1282442748091603
