58 0.7018181818181818 0.44092827004219404 0.4072727272727273 0.22362869198312235
58 0.22545454545454546 0.510548523206751 0.22545454545454546 0.12658227848101264
58 0.05454545454545454 0.5126582278481012 0.10909090909090909 0.1561181434599156
58 0.056363636363636366 0.6392405063291139 0.11272727272727273 0.10548523206751054
58 0.04727272727272727 0.7468354430379747 0.09454545454545454 0.14345991561181434
58 0.21818181818181817 0.8185654008438817 0.23272727272727273 0.2869198312236287
58 0.2636363636363636 0.6434599156118143 0.15636363636363637 0.10548523206751054
58 0.37272727272727274 0.740506329113924 0.16363636363636364 0.0970464135021097
58 0.48545454545454547 0.6413502109704641 0.19272727272727272 0.09282700421940927
58 0.5854545454545454 0.7215189873417721 0.21818181818181817 0.15189873417721517
58 0.7527272727272727 0.6434599156118143 0.15272727272727274 0.11392405063291139
58 0.9309090909090909 0.6687763713080168 0.13090909090909092 0.12236286919831223
58 0.7909090909090909 0.8122362869198312 0.2872727272727273 0.18143459915611812
58 0.5036363636363637 0.9135021097046413 0.34545454545454546 0.10548523206751054
58 0.08545454545454545 0.9050632911392404 0.1709090909090909 0.18143459915611812
58 0.8872727272727273 0.9071729957805906 0.21818181818181817 0.12658227848101264
58 0.46 0.7890295358649788 0.14181818181818182 0.12658227848101264
