58 0.7158823529411764 0.43656207366984995 0.46705882352941175 0.25375170532060026
58 0.23941176470588232 0.529331514324693 0.23176470588235293 0.13096862210095497
58 0.05529411764705882 0.514324693042292 0.11058823529411764 0.14733969986357434
58 0.29823529411764704 0.655525238744884 0.1964705882352941 0.12687585266030013
58 0.22705882352941176 0.8287858117326057 0.24235294117647058 0.2987721691678035
58 0.36882352941176466 0.7510231923601637 0.14941176470588233 0.11050477489768076
58 0.5129411764705882 0.6371077762619373 0.19294117647058823 0.09004092769440655
58 0.4623529411764705 0.8015006821282401 0.12705882352941175 0.11323328785811733
58 0.06235294117647058 0.6446111869031378 0.12 0.10231923601637108
58 0.0488235294117647 0.757162346521146 0.09058823529411764 0.10368349249658936
58 0.07941176470588235 0.907912687585266 0.1588235294117647 0.16234652114597545
58 0.5029411764705882 0.9447476125511596 0.30235294117647055 0.1077762619372442
58 0.7894117647058823 0.8124147339699863 0.25176470588235295 0.15416098226466576
58 0.7558823529411764 0.6527967257844475 0.1729411764705882 0.08867667121418826
58 0.6017647058823529 0.7360163710777626 0.22235294117647056 0.10231923601637108
58 0.9288235294117646 0.6684856753069577 0.12823529411764706 0.10914051841746249
58 0.8676470588235293 0.9392905866302865 0.18705882352941175 0.08321964529331514
