78 0.4404761904761905 0.09666666666666668 0.2619047619047619 0.17333333333333334
78 0.6761904761904762 0.06333333333333334 0.21904761904761907 0.12666666666666668
78 0.680952380952381 0.20833333333333334 0.1523809523809524 0.14333333333333334
78 0.44523809523809527 0.275 0.19523809523809527 0.13
78 0.5095238095238096 0.44333333333333336 0.2380952380952381 0.19333333333333336
78 0.7047619047619048 0.42333333333333334 0.1904761904761905 0.12666666666666668
78 0.6857142857142857 0.545 0.2761904761904762 0.11
78 0.5238095238095238 0.6066666666666667 0.21904761904761907 0.13333333333333333
78 0.6095238095238096 0.7733333333333334 0.18095238095238098 0.14666666666666667
78 0.7785714285714287 0.795 0.2619047619047619 0.21666666666666667
78 0.7761904761904762 0.9433333333333334 0.2380952380952381 0.10666666666666667
