77 0.01864406779661017 0.6063348416289593 0.03728813559322034 0.0904977375565611
77 0.011864406779661017 0.6945701357466064 0.023728813559322035 0.0497737556561086
77 0.0711864406779661 0.6900452488687784 0.1152542372881356 0.14932126696832582
77 0.23389830508474577 0.7013574660633485 0.1288135593220339 0.0995475113122172
77 0.24576271186440676 0.7533936651583711 0.0983050847457627 0.06787330316742082
77 0.3305084745762712 0.7941176470588236 0.09152542372881356 0.12217194570135748
77 0.4864406779661017 0.8552036199095023 0.11186440677966102 0.1085972850678733
77 0.5050847457627119 0.7986425339366516 0.1694915254237288 0.10407239819004525
77 0.6610169491525424 0.911764705882353 0.08135593220338982 0.11312217194570137
77 0.7322033898305085 0.8687782805429864 0.1423728813559322 0.12669683257918554
77 0.7440677966101694 0.9479638009049774 0.11186440677966102 0.08597285067873305
77 0.8508474576271187 0.9502262443438915 0.09491525423728814 0.0904977375565611
77 0.4067796610169491 0.5950226244343892 0.08135593220338982 0.12217194570135748
77 0.3949152542372881 0.4728506787330317 0.14576271186440679 0.12217194570135748
77 0.4016949152542373 0.35067873303167424 0.10508474576271186 0.11312217194570137
77 0.4983050847457627 0.2171945701357466 0.06101694915254237 0.1085972850678733
77 0.6372881355932203 0.21266968325791857 0.1152542372881356 0.0995475113122172
77 0.5779661016949152 0.27828054298642535 0.0711864406779661 0.06787330316742082
77 0.5898305084745763 0.3438914027149322 0.12203389830508474 0.07239819004524888
77 0.6033898305084746 0.411764705882353 0.07457627118644068 0.07239819004524888
77 0.8050847457627118 0.37104072398190047 0.0711864406779661 0.0904977375565611
77 0.8101694915254237 0.30316742081447967 0.08135593220338982 0.1085972850678733
77 0.9271186440677965 0.19230769230769232 0.12542372881355932 0.07692307692307693
