76 0.17045454545454544 0.147239263803681 0.3318181818181818 0.294478527607362
76 0.12045454545454545 0.3834355828220859 0.1590909090909091 0.12883435582822086
76 0.23636363636363636 0.5153374233128835 0.22727272727272727 0.23312883435582823
76 0.3090909090909091 0.37423312883435583 0.1909090909090909 0.20858895705521474
76 0.4727272727272727 0.4171779141104295 0.24545454545454545 0.18404907975460122
76 0.5022727272727272 0.5766871165644172 0.25 0.20858895705521474
76 0.4022727272727272 0.7576687116564418 0.3136363636363636 0.3128834355828221
76 0.8704545454545454 0.4049079754601227 0.25 0.20858895705521474
76 0.8022727272727272 0.5766871165644172 0.2863636363636364 0.22085889570552147
76 0.9363636363636363 0.5766871165644172 0.11818181818181818 0.18404907975460122
