77 0.05437100213219616 0.4076517150395778 0.10874200426439232 0.11345646437994722
77 0.06823027718550106 0.29287598944591026 0.13646055437100213 0.08970976253298153
77 0.14712153518123666 0.16226912928759893 0.08528784648187633 0.21372031662269128
77 0.08635394456289978 0.5936675461741424 0.1300639658848614 0.17941952506596306
77 0.20575692963752665 0.23614775725593667 0.053304904051172705 0.07124010554089709
77 0.2921108742004264 0.23746701846965698 0.11940298507462686 0.15303430079155672
77 0.4115138592750533 0.20580474934036938 0.2046908315565032 0.14248021108179418
77 0.3091684434968017 0.45118733509234826 0.14072494669509594 0.15303430079155672
77 0.42643923240938164 0.45118733509234826 0.09381663113006397 0.22691292875989444
77 0.3731343283582089 0.679419525065963 0.1791044776119403 0.22427440633245382
77 0.5213219616204691 0.6965699208443271 0.15138592750533048 0.22691292875989444
77 0.5746268656716418 0.4854881266490765 0.11300639658848614 0.16886543535620052
77 0.6695095948827292 0.4445910290237467 0.17057569296375266 0.22955145118733508
77 0.7014925373134329 0.17546174142480211 0.09808102345415778 0.12401055408970976
77 0.6194029850746269 0.08839050131926121 0.08742004264392324 0.08179419525065963
77 0.8582089552238806 0.20316622691292877 0.08315565031982942 0.12137203166226912
77 0.8176972281449894 0.521108179419525 0.06183368869936034 0.11873350923482849
77 0.7366737739872068 0.6411609498680738 0.10874200426439232 0.13192612137203166
77 0.8891257995735607 0.6319261213720316 0.05543710021321961 0.07124010554089709
77 0.8837953091684435 0.38258575197889183 0.07036247334754797 0.20580474934036938
77 0.9349680170575693 0.34036939313984166 0.10874200426439232 0.19525065963060687
77 0.9285714285714286 0.5540897097625329 0.09168443496801705 0.07387862796833773
77 0.8560767590618337 0.7401055408970976 0.16844349680170576 0.11345646437994722
77 0.9637526652452025 0.6451187335092348 0.06823027718550106 0.08179419525065963
