78 0.08121827411167512 0.7409638554216869 0.14890016920473773 0.24819277108433738
78 0.33079526226734346 0.5180722891566265 0.14382402707275804 0.2168674698795181
78 0.17597292724196276 0.6590361445783133 0.1793570219966159 0.1710843373493976
78 0.13959390862944163 0.8518072289156627 0.13705583756345177 0.1855421686746988
78 0.4450084602368866 0.7000000000000001 0.14890016920473773 0.21445783132530122
78 0.5524534686971235 0.46024096385542174 0.1979695431472081 0.29397590361445786
78 0.7208121827411167 0.3903614457831326 0.22673434856175972 0.25542168674698795
78 0.898477157360406 0.3722891566265061 0.1996615905245347 0.3349397590361446
78 0.5626057529610828 0.7180722891566266 0.18104906937394247 0.22650602409638557
78 0.8164128595600677 0.663855421686747 0.19458544839255498 0.16626506024096388
