78 0.47285714285714286 0.10341365461847389 0.3 0.20682730923694778
78 0.4357142857142857 0.2761044176706827 0.2714285714285714 0.1506024096385542
78 0.49857142857142855 0.44477911646586343 0.24285714285714285 0.16265060240963855
78 0.5042857142857143 0.609437751004016 0.20857142857142857 0.17068273092369476
78 0.6757142857142857 0.056224899598393566 0.21428571428571427 0.10843373493975902
78 0.6771428571428572 0.2078313253012048 0.18285714285714286 0.10642570281124497
78 0.7414285714285714 0.43072289156626503 0.2257142857142857 0.1184738955823293
78 0.6942857142857143 0.53714859437751 0.22857142857142856 0.1546184738955823
78 0.64 0.7610441767068272 0.22285714285714286 0.10843373493975902
78 0.7514285714285714 0.8132530120481927 0.32 0.1365461847389558
78 0.7571428571428571 0.9377510040160641 0.2342857142857143 0.1004016064257028
