78 0.09669811320754716 0.3825503355704698 0.1792452830188679 0.18120805369127516
78 0.14033018867924527 0.5151006711409396 0.1721698113207547 0.18456375838926173
78 0.2688679245283019 0.41778523489932884 0.18396226415094338 0.2181208053691275
78 0.4233490566037736 0.5385906040268457 0.23349056603773585 0.3053691275167785
78 0.5448113207547169 0.45302013422818793 0.08962264150943396 0.12080536912751677
78 0.5790094339622641 0.2986577181208054 0.17688679245283018 0.19463087248322147
78 0.6922169811320754 0.5033557046979865 0.2900943396226415 0.32885906040268453
78 0.5754716981132075 0.6526845637583892 0.1792452830188679 0.19798657718120805
78 0.9068396226415094 0.436241610738255 0.18160377358490565 0.33557046979865773
78 0.8879716981132075 0.19630872483221476 0.2193396226415094 0.19798657718120805
