77 0.14833333333333334 0.20243902439024392 0.11 0.22926829268292684
77 0.04666666666666667 0.32195121951219513 0.09333333333333334 0.15609756097560976
77 0.043333333333333335 0.46829268292682924 0.08666666666666667 0.13658536585365855
77 0.08166666666666667 0.697560975609756 0.11666666666666667 0.25365853658536586
77 0.29833333333333334 0.2975609756097561 0.11666666666666667 0.15609756097560976
77 0.19333333333333336 0.424390243902439 0.09333333333333334 0.1073170731707317
77 0.18166666666666667 0.5853658536585366 0.06333333333333334 0.0975609756097561
77 0.22166666666666668 0.2804878048780488 0.05 0.09268292682926829
77 0.4083333333333334 0.25121951219512195 0.14333333333333334 0.13170731707317074
77 0.3166666666666667 0.5341463414634147 0.14 0.15121951219512195
77 0.4166666666666667 0.5195121951219512 0.07333333333333333 0.23902439024390243
77 0.38333333333333336 0.7878048780487805 0.16 0.28780487804878047
77 0.5216666666666667 0.824390243902439 0.12333333333333334 0.32195121951219513
77 0.5783333333333334 0.5829268292682926 0.14333333333333334 0.2097560975609756
77 0.6516666666666667 0.5170731707317073 0.16333333333333333 0.25365853658536586
77 0.6316666666666667 0.11707317073170731 0.10333333333333335 0.0975609756097561
77 0.6883333333333334 0.2121951219512195 0.08333333333333334 0.1024390243902439
77 0.8383333333333334 0.2073170731707317 0.05666666666666667 0.1024390243902439
77 0.7300000000000001 0.7341463414634146 0.1 0.11219512195121951
77 0.8200000000000001 0.6097560975609756 0.09333333333333334 0.14634146341463414
77 0.8816666666666667 0.4658536585365854 0.07666666666666667 0.1902439024390244
77 0.9416666666666668 0.4024390243902439 0.06333333333333334 0.2097560975609756
77 0.925 0.651219512195122 0.07666666666666667 0.06341463414634146
77 0.8866666666666667 0.7536585365853659 0.09333333333333334 0.06341463414634146
77 0.8216666666666668 0.8780487804878049 0.24333333333333335 0.13658536585365855
77 0.9683333333333334 0.7658536585365854 0.05666666666666667 0.1073170731707317
