77 0.09772727272727272 0.5272727272727272 0.1318181818181818 0.10909090909090909
77 0.11818181818181818 0.5969696969696969 0.12727272727272726 0.09090909090909091
77 0.18181818181818182 0.5878787878787879 0.07272727272727272 0.08484848484848485
77 0.3090909090909091 0.5969696969696969 0.12727272727272726 0.04242424242424243
77 0.3068181818181818 0.6303030303030303 0.10454545454545454 0.07272727272727272
77 0.3840909090909091 0.6696969696969697 0.10454545454545454 0.11515151515151516
77 0.4636363636363636 0.5212121212121212 0.09999999999999999 0.10909090909090909
77 0.4386363636363636 0.4 0.12272727272727273 0.09696969696969697
77 0.44999999999999996 0.3090909090909091 0.09999999999999999 0.09696969696969697
77 0.6386363636363636 0.18484848484848485 0.08636363636363636 0.09090909090909091
77 0.5409090909090909 0.20606060606060606 0.06363636363636363 0.09696969696969697
77 0.6068181818181818 0.25757575757575757 0.05909090909090909 0.06666666666666667
77 0.6045454545454545 0.30606060606060603 0.11818181818181818 0.09090909090909091
77 0.6136363636363636 0.36666666666666664 0.09999999999999999 0.09090909090909091
77 0.7840909090909091 0.3 0.07727272727272727 0.12727272727272726
77 0.8704545454545454 0.17575757575757575 0.1409090909090909 0.08484848484848485
77 0.525 0.6636363636363637 0.11363636363636363 0.09090909090909091
77 0.5204545454545454 0.7272727272727273 0.11363636363636363 0.12121212121212122
77 0.725 0.7393939393939394 0.09545454545454544 0.09696969696969697
77 0.6659090909090909 0.7696969696969697 0.049999999999999996 0.06060606060606061
77 0.725 0.796969696969697 0.07727272727272727 0.09090909090909091
77 0.8136363636363636 0.806060606060606 0.11818181818181818 0.10909090909090909
77 0.975 0.8393939393939394 0.04090909090909091 0.1393939393939394
