74 0.13333333333333333 0.495 0.16666666666666669 0.3
74 0.13166666666666668 0.11 0.22333333333333336 0.22
74 0.3416666666666667 0.0925 0.24333333333333335 0.165
74 0.49333333333333335 0.275 0.22666666666666668 0.24
74 0.5750000000000001 0.055 0.25 0.1
74 0.24166666666666667 0.855 0.20333333333333334 0.28
74 0.4633333333333334 0.65 0.23333333333333334 0.41000000000000003
74 0.7050000000000001 0.5025000000000001 0.15000000000000002 0.245
74 0.745 0.305 0.21666666666666667 0.24
74 0.8883333333333334 0.7575000000000001 0.14333333333333334 0.315
