77 0.05929487179487179 0.3245192307692308 0.11858974358974358 0.12980769230769232
77 0.15384615384615385 0.16586538461538464 0.10256410256410256 0.2451923076923077
77 0.049679487179487176 0.4711538461538462 0.09935897435897435 0.10576923076923078
77 0.07371794871794872 0.6995192307692308 0.09615384615384615 0.2451923076923077
77 0.2676282051282051 0.2764423076923077 0.15064102564102563 0.1875
77 0.391025641025641 0.23317307692307693 0.15384615384615385 0.12980769230769232
77 0.32371794871794873 0.5264423076923077 0.16666666666666666 0.15865384615384617
77 0.42628205128205127 0.5528846153846154 0.10897435897435898 0.23076923076923078
77 0.36378205128205127 0.7932692307692308 0.16987179487179488 0.33653846153846156
77 0.5849358974358975 0.576923076923077 0.11858974358974358 0.19230769230769232
77 0.6810897435897436 0.5552884615384616 0.17628205128205127 0.27403846153846156
77 0.703525641025641 0.20673076923076925 0.125 0.10576923076923078
77 0.860576923076923 0.20192307692307693 0.07371794871794872 0.09615384615384616
77 0.5240384615384616 0.8317307692307693 0.125 0.3269230769230769
77 0.7259615384615384 0.7283653846153847 0.15705128205128205 0.19711538461538464
77 0.8221153846153846 0.6129807692307693 0.08653846153846154 0.13942307692307693
77 0.8830128205128205 0.4591346153846154 0.08653846153846154 0.27403846153846156
77 0.9615384615384615 0.43028846153846156 0.05769230769230769 0.25480769230769235
77 0.9278846153846153 0.6682692307692308 0.08653846153846154 0.08653846153846154
77 0.8108974358974359 0.7283653846153847 0.07692307692307693 0.12980769230769232
77 0.9022435897435898 0.7524038461538461 0.0673076923076923 0.09134615384615385
77 0.967948717948718 0.7788461538461539 0.04487179487179487 0.10576923076923078
77 0.8157051282051282 0.889423076923077 0.24038461538461536 0.125
