77 0.06 0.3382352941176471 0.12 0.14705882352941177
77 0.045 0.4852941176470588 0.09 0.10294117647058823
77 0.0675 0.6875 0.135 0.25735294117647056
77 0.14250000000000002 0.16911764705882354 0.095 0.23529411764705882
77 0.29 0.29411764705882354 0.14 0.11764705882352941
77 0.4175 0.2536764705882353 0.215 0.13970588235294118
77 0.2925 0.5367647058823529 0.195 0.14705882352941177
77 0.365 0.8051470588235294 0.18 0.2426470588235294
77 0.4975 0.8272058823529411 0.135 0.25735294117647056
77 0.42 0.5514705882352942 0.12 0.20588235294117646
77 0.5700000000000001 0.5919117647058824 0.08 0.13970588235294118
77 0.6625 0.5220588235294118 0.135 0.23529411764705882
77 0.7375 0.75 0.105 0.14705882352941177
77 0.81 0.6102941176470588 0.09 0.1323529411764706
77 0.615 0.10661764705882353 0.08 0.051470588235294115
77 0.72 0.20955882352941177 0.18 0.15441176470588236
77 0.8375 0.22058823529411764 0.095 0.11764705882352941
77 0.8775000000000001 0.47058823529411764 0.065 0.25
77 0.9450000000000001 0.39705882352941174 0.1 0.22058823529411764
77 0.8625 0.8823529411764706 0.135 0.16176470588235295
77 0.885 0.7463235294117647 0.09 0.09558823529411764
77 0.9175 0.6470588235294118 0.095 0.08823529411764705
77 0.965 0.7573529411764706 0.06 0.07352941176470588
