77 0.06 0.34191176470588236 0.12 0.13970588235294118
77 0.1475 0.1875 0.095 0.2426470588235294
77 0.055 0.48161764705882354 0.11 0.1838235294117647
77 0.08750000000000001 0.7132352941176471 0.105 0.27941176470588236
77 0.32 0.5257352941176471 0.14 0.16911764705882354
77 0.2575 0.27205882352941174 0.125 0.1764705882352941
77 0.4025 0.25 0.20500000000000002 0.11764705882352941
77 0.41500000000000004 0.5551470588235294 0.12 0.22794117647058823
77 0.385 0.7867647058823529 0.16 0.27941176470588236
77 0.5175 0.8198529411764706 0.145 0.2867647058823529
77 0.5700000000000001 0.5808823529411765 0.11 0.20588235294117646
77 0.6525 0.5183823529411765 0.115 0.2426470588235294
77 0.6775 0.1838235294117647 0.115 0.14705882352941177
77 0.8375 0.19117647058823528 0.125 0.16176470588235295
77 0.7225 0.7242647058823529 0.155 0.15441176470588236
77 0.805 0.6102941176470588 0.06 0.16176470588235295
77 0.865 0.45955882352941174 0.08 0.19852941176470587
77 0.9525 0.4227941176470588 0.065 0.2426470588235294
77 0.9125 0.6433823529411765 0.105 0.08088235294117647
77 0.8875000000000001 0.7720588235294118 0.125 0.08823529411764705
77 0.85 0.8860294117647058 0.15 0.125
77 0.965 0.7647058823529411 0.06 0.1323529411764706
