77 0.06688741721854305 0.21374764595103576 0.1205298013245033 0.2391713747645951
77 0.13443708609271524 0.2711864406779661 0.0781456953642384 0.16572504708097927
77 0.21721854304635763 0.3145009416195857 0.09271523178807947 0.1544256120527307
77 0.3350993377483444 0.2514124293785311 0.13245033112582782 0.160075329566855
77 0.5701986754966888 0.10546139359698681 0.07019867549668875 0.10922787193973635
77 0.6602649006622516 0.20809792843691147 0.09403973509933775 0.08851224105461393
77 0.813907284768212 0.20903954802259886 0.033112582781456956 0.0903954802259887
77 0.09668874172185431 0.42749529190207153 0.10596026490066225 0.09416195856873823
77 0.09536423841059602 0.6007532956685498 0.07682119205298013 0.0903954802259887
77 0.22781456953642384 0.5263653483992466 0.18543046357615894 0.1638418079096045
77 0.3615894039735099 0.5404896421845574 0.10860927152317881 0.263653483992467
77 0.3251655629139073 0.7994350282485876 0.13112582781456952 0.23540489642184556
77 0.47218543046357614 0.847457627118644 0.10993377483443709 0.2862523540489642
77 0.5099337748344371 0.5536723163841808 0.09271523178807947 0.18832391713747645
77 0.56158940397351 0.6581920903954802 0.0423841059602649 0.08851224105461393
77 0.6165562913907284 0.5282485875706214 0.14701986754966886 0.2542372881355932
77 0.686092715231788 0.739171374764595 0.10331125827814569 0.15630885122410546
77 0.7867549668874172 0.5951035781544256 0.07152317880794702 0.128060263653484
77 0.8496688741721854 0.4340866290018832 0.08609271523178808 0.2165725047080979
77 0.9172185430463576 0.38983050847457623 0.13112582781456952 0.2485875706214689
77 0.9 0.6365348399246704 0.07549668874172186 0.09416195856873823
77 0.8675496688741722 0.7419962335216572 0.09801324503311258 0.0790960451977401
77 0.9543046357615894 0.7740112994350282 0.0781456953642384 0.10169491525423728
77 0.8225165562913908 0.8766478342749529 0.20662251655629138 0.12994350282485875
