77 0.045000000000000005 0.4853658536585366 0.09000000000000001 0.12195121951219512
77 0.065 0.32439024390243903 0.13 0.13170731707317074
77 0.12166666666666667 0.1878048780487805 0.1366666666666667 0.2975609756097561
77 0.22 0.2682926829268293 0.060000000000000005 0.1073170731707317
77 0.2783333333333334 0.3 0.09666666666666668 0.1902439024390244
77 0.4116666666666667 0.23902439024390243 0.12333333333333334 0.16585365853658537
77 0.32333333333333336 0.526829268292683 0.15333333333333335 0.13658536585365855
77 0.42333333333333334 0.5439024390243903 0.10666666666666667 0.22926829268292684
77 0.375 0.802439024390244 0.15000000000000002 0.2780487804878049
77 0.5083333333333334 0.8414634146341463 0.10333333333333335 0.2682926829268293
77 0.5650000000000001 0.5682926829268292 0.07666666666666667 0.18048780487804877
77 0.6583333333333333 0.524390243902439 0.14333333333333334 0.24878048780487805
77 0.6183333333333334 0.1048780487804878 0.07666666666666667 0.07317073170731707
77 0.7016666666666667 0.1951219512195122 0.07666666666666667 0.08780487804878048
77 0.8583333333333334 0.22195121951219512 0.08333333333333334 0.18048780487804877
77 0.7333333333333334 0.7682926829268293 0.12666666666666668 0.17073170731707318
77 0.8150000000000001 0.5902439024390244 0.11666666666666667 0.13658536585365855
77 0.8666666666666667 0.44878048780487806 0.09333333333333334 0.2146341463414634
77 0.9483333333333334 0.4024390243902439 0.07 0.23902439024390243
77 0.9166666666666667 0.6585365853658537 0.08 0.07804878048780488
77 0.8766666666666667 0.7560975609756098 0.08 0.08780487804878048
77 0.8550000000000001 0.8804878048780488 0.17 0.15121951219512195
77 0.9633333333333334 0.7707317073170732 0.06666666666666667 0.11707317073170731
