77 0.03787878787878788 0.47252747252747257 0.07575757575757576 0.14285714285714288
77 0.045454545454545456 0.33791208791208793 0.09090909090909091 0.11538461538461539
77 0.12878787878787878 0.19780219780219782 0.09848484848484848 0.27472527472527475
77 0.19507575757575757 0.260989010989011 0.07196969696969698 0.11538461538461539
77 0.15151515151515152 0.41483516483516486 0.13636363636363635 0.13736263736263737
77 0.1553030303030303 0.598901098901099 0.11363636363636365 0.14285714285714288
77 0.05681818181818182 0.717032967032967 0.11363636363636365 0.18131868131868134
77 0.26704545454545453 0.29120879120879123 0.07196969696969698 0.19780219780219782
77 0.38636363636363635 0.23626373626373628 0.12878787878787878 0.2087912087912088
77 0.2935606060606061 0.521978021978022 0.20075757575757577 0.15384615384615385
77 0.4147727272727273 0.5521978021978022 0.13257575757575757 0.25824175824175827
77 0.36742424242424243 0.8131868131868133 0.18181818181818182 0.2967032967032967
77 0.4981060606060606 0.826923076923077 0.125 0.25824175824175827
77 0.5757575757575758 0.5796703296703297 0.11363636363636365 0.2142857142857143
77 0.6571969696969697 0.5192307692307693 0.13257575757575757 0.25824175824175827
77 0.6231060606060607 0.09065934065934067 0.06439393939393939 0.07142857142857144
77 0.6780303030303031 0.20054945054945056 0.12121212121212122 0.1043956043956044
77 0.8446969696969697 0.20329670329670332 0.06818181818181818 0.16483516483516486
77 0.7234848484848485 0.739010989010989 0.08333333333333334 0.17032967032967034
77 0.7992424242424243 0.5961538461538461 0.12121212121212122 0.15934065934065936
77 0.8712121212121212 0.4642857142857143 0.09090909090909091 0.2692307692307693
77 0.9488636363636364 0.4093406593406594 0.07954545454545454 0.22527472527472528
77 0.9204545454545455 0.6620879120879122 0.09090909090909091 0.08241758241758243
77 0.8863636363636364 0.7609890109890111 0.09848484848484848 0.09340659340659341
77 0.8579545454545455 0.8736263736263737 0.1856060606060606 0.16483516483516486
77 0.9734848484848485 0.7664835164835165 0.045454545454545456 0.09340659340659341
