77 0.1159090909090909 0.5303030303030303 0.1318181818181818 0.09090909090909091
77 0.11818181818181818 0.5909090909090909 0.06363636363636363 0.06666666666666667
77 0.18636363636363634 0.6151515151515151 0.09090909090909091 0.10303030303030303
77 0.3159090909090909 0.593939393939394 0.10454545454545454 0.07272727272727272
77 0.32727272727272727 0.6424242424242425 0.10909090909090909 0.07272727272727272
77 0.39545454545454545 0.6696969696969697 0.11818181818181818 0.11515151515151516
77 0.5181818181818182 0.7212121212121212 0.10909090909090909 0.08484848484848485
77 0.5363636363636364 0.6606060606060606 0.14545454545454545 0.07272727272727272
77 0.6681818181818181 0.7727272727272727 0.06363636363636363 0.09090909090909091
77 0.7386363636363636 0.7333333333333333 0.1318181818181818 0.07272727272727272
77 0.7136363636363636 0.7878787878787878 0.12727272727272726 0.09696969696969697
77 0.8318181818181818 0.8121212121212121 0.09090909090909091 0.08484848484848485
77 0.95 0.8363636363636363 0.09090909090909091 0.13333333333333333
77 0.4477272727272727 0.30303030303030304 0.07727272727272727 0.09696969696969697
77 0.4568181818181818 0.40606060606060607 0.10454545454545454 0.10909090909090909
77 0.44999999999999996 0.5181818181818182 0.11818181818181818 0.06666666666666667
77 0.5340909090909091 0.20303030303030303 0.06818181818181818 0.06666666666666667
77 0.6545454545454545 0.20303030303030303 0.09999999999999999 0.10303030303030303
77 0.5954545454545455 0.2545454545454545 0.07272727272727272 0.06060606060606061
77 0.6136363636363636 0.3181818181818182 0.11818181818181818 0.10303030303030303
77 0.6136363636363636 0.36363636363636365 0.09090909090909091 0.07272727272727272
77 0.884090909090909 0.18484848484848485 0.12272727272727273 0.06666666666666667
77 0.7886363636363636 0.27575757575757576 0.07727272727272727 0.06666666666666667
77 0.7704545454545454 0.3181818181818182 0.049999999999999996 0.05454545454545454
