78 0.4421641791044776 0.12580645161290321 0.2873134328358209 0.23870967741935484
78 0.6697761194029851 0.06935483870967742 0.1455223880597015 0.13225806451612904
78 0.7052238805970149 0.2838709677419355 0.20149253731343283 0.1935483870967742
78 0.43283582089552236 0.3403225806451613 0.13432835820895522 0.1774193548387097
78 0.4888059701492537 0.5435483870967742 0.27611940298507465 0.24838709677419354
78 0.708955223880597 0.5080645161290323 0.18656716417910446 0.12580645161290321
78 0.6940298507462687 0.6532258064516129 0.16417910447761194 0.22258064516129034
78 0.5130597014925373 0.7564516129032258 0.22014925373134328 0.22903225806451613
78 0.6194029850746269 0.9338709677419355 0.18656716417910446 0.12580645161290321
78 0.7555970149253731 0.9370967741935484 0.2126865671641791 0.11935483870967742
