78 0.1829105473965287 0.738125 0.30440587449933243 0.27375
78 0.40120160213618156 0.6168750000000001 0.2630173564753004 0.20625000000000002
78 0.35647530040053405 0.455 0.12016021361815754 0.145
78 0.47863818424566085 0.370625 0.2389853137516689 0.14625
78 0.4419225634178905 0.480625 0.205607476635514 0.10375000000000001
78 0.5781041388518023 0.516875 0.22696929238985314 0.11875000000000001
78 0.8611481975967957 0.42375 0.13618157543391188 0.1675
78 0.7463284379172229 0.2725 0.1308411214953271 0.08750000000000001
78 0.6435246995994659 0.35625 0.16555407209612816 0.165
78 0.9105473965287049 0.16875 0.13351134846461948 0.14250000000000002
78 0.972630173564753 0.100625 0.0520694259012016 0.11875000000000001
78 0.9479305740987983 0.29875 0.10146862483311081 0.1075
