77 0.04915254237288135 0.46606334841628966 0.0983050847457627 0.11764705882352942
77 0.0711864406779661 0.3235294117647059 0.1423728813559322 0.11312217194570137
77 0.16271186440677965 0.18552036199095023 0.09491525423728814 0.22624434389140274
77 0.2542372881355932 0.27828054298642535 0.06779661016949153 0.11312217194570137
77 0.3169491525423729 0.29411764705882354 0.0847457627118644 0.15384615384615385
77 0.4288135593220339 0.24660633484162897 0.13220338983050847 0.13122171945701358
77 0.3389830508474576 0.5294117647058824 0.1423728813559322 0.13574660633484165
77 0.19999999999999998 0.4298642533936652 0.09491525423728814 0.0904977375565611
77 0.19322033898305085 0.5995475113122173 0.09491525423728814 0.12217194570135748
77 0.42203389830508475 0.7782805429864255 0.17966101694915254 0.28054298642533937
77 0.4525423728813559 0.5248868778280543 0.15254237288135591 0.26244343891402716
77 0.635593220338983 0.5927601809954751 0.0983050847457627 0.1809954751131222
77 0.5661016949152542 0.834841628959276 0.13559322033898305 0.29411764705882354
77 0.7237288135593221 0.5158371040723982 0.13220338983050847 0.22624434389140274
77 0.811864406779661 0.7239819004524888 0.07796610169491525 0.14479638009049775
77 0.688135593220339 0.10633484162895929 0.12203389830508474 0.10407239819004525
77 0.7644067796610169 0.21040723981900455 0.09152542372881356 0.13122171945701358
77 0.9152542372881356 0.2149321266968326 0.06101694915254237 0.12217194570135748
77 0.8864406779661017 0.5995475113122173 0.09152542372881356 0.14027149321266968
77 0.9525423728813559 0.44117647058823534 0.08813559322033898 0.22171945701357468
77 0.9169491525423729 0.8914027149321267 0.15932203389830507 0.13574660633484165
77 0.9610169491525423 0.7511312217194571 0.0711864406779661 0.07239819004524888
