77 0.08626760563380281 0.5673913043478261 0.11619718309859155 0.1956521739130435
77 0.04401408450704226 0.39565217391304347 0.08802816901408451 0.09565217391304348
77 0.05985915492957747 0.2608695652173913 0.11971830985915494 0.0782608695652174
77 0.15492957746478875 0.17173913043478262 0.13380281690140847 0.2217391304347826
77 0.2165492957746479 0.23478260869565218 0.05985915492957747 0.09565217391304348
77 0.3028169014084507 0.25434782608695655 0.07746478873239437 0.16086956521739132
77 0.3961267605633803 0.19130434782608696 0.11619718309859155 0.13043478260869565
77 0.2992957746478873 0.45 0.15492957746478875 0.13478260869565217
77 0.19190140845070422 0.3695652173913044 0.13732394366197184 0.10434782608695653
77 0.16901408450704225 0.5043478260869565 0.06338028169014084 0.11304347826086956
77 0.43838028169014087 0.45217391304347826 0.10211267605633803 0.22608695652173913
77 0.38204225352112675 0.6847826086956522 0.13732394366197184 0.2391304347826087
77 0.5105633802816901 0.7 0.09859154929577466 0.22608695652173913
77 0.6232394366197184 0.09347826086956522 0.11267605633802817 0.1
77 0.7095070422535211 0.1826086956521739 0.11619718309859155 0.13043478260869565
77 0.852112676056338 0.1782608695652174 0.04929577464788733 0.11304347826086956
77 0.5704225352112676 0.5 0.11267605633802817 0.1826086956521739
77 0.6654929577464789 0.45217391304347826 0.11267605633802817 0.2
77 0.7394366197183099 0.6391304347826087 0.06338028169014084 0.1391304347826087
77 0.823943661971831 0.5108695652173914 0.08450704225352113 0.10869565217391304
77 0.8890845070422535 0.40217391304347827 0.08098591549295775 0.18695652173913044
77 0.9507042253521127 0.3565217391304348 0.056338028169014086 0.20869565217391306
77 0.8943661971830986 0.5434782608695652 0.13380281690140847 0.08695652173913043
77 0.875 0.6326086956521739 0.08098591549295775 0.05652173913043478
77 0.8415492957746479 0.7565217391304347 0.1971830985915493 0.08695652173913043
77 0.9595070422535211 0.6456521739130435 0.07394366197183098 0.10869565217391304
