78 0.15358361774744028 0.5532994923857868 0.16382252559726962 0.17258883248730963
78 0.08873720136518772 0.6852791878172588 0.14334470989761092 0.24365482233502536
78 0.15187713310580206 0.7842639593908629 0.17406143344709898 0.1979695431472081
78 0.32764505119453924 0.383248730964467 0.15699658703071673 0.24873096446700504
78 0.5068259385665529 0.3426395939086294 0.20136518771331058 0.27918781725888325
78 0.4112627986348123 0.5862944162436547 0.1945392491467577 0.23857868020304568
78 0.5307167235494881 0.6015228426395939 0.18088737201365188 0.23857868020304568
78 0.6791808873720137 0.24619289340101522 0.21160409556313994 0.1979695431472081
78 0.89419795221843 0.25888324873096447 0.17747440273037543 0.3045685279187817
78 0.7781569965870307 0.5380710659898477 0.13651877133105803 0.17258883248730963
78 0.931740614334471 0.5304568527918782 0.12969283276450513 0.15736040609137056
