77 0.058333333333333334 0.4853658536585366 0.11666666666666667 0.17073170731707318
77 0.05666666666666667 0.32682926829268294 0.11333333333333334 0.14634146341463414
77 0.14166666666666666 0.2073170731707317 0.08333333333333334 0.2780487804878049
77 0.21333333333333335 0.28780487804878047 0.04 0.0975609756097561
77 0.29000000000000004 0.28780487804878047 0.1 0.15609756097560976
77 0.4083333333333334 0.2634146341463415 0.12333333333333334 0.17560975609756097
77 0.07166666666666667 0.6926829268292682 0.10333333333333335 0.22439024390243903
77 0.31833333333333336 0.526829268292683 0.12333333333333334 0.16585365853658537
77 0.43500000000000005 0.5439024390243903 0.10333333333333335 0.28780487804878047
77 0.3766666666666667 0.7951219512195122 0.18000000000000002 0.2926829268292683
77 0.525 0.8317073170731707 0.09000000000000001 0.24878048780487805
77 0.5866666666666667 0.5682926829268292 0.11333333333333334 0.21951219512195122
77 0.6766666666666667 0.5317073170731708 0.12000000000000001 0.2048780487804878
77 0.745 0.7341463414634146 0.06333333333333334 0.13170731707317074
77 0.8400000000000001 0.8902439024390244 0.2066666666666667 0.14146341463414633
77 0.8933333333333334 0.7560975609756098 0.09333333333333334 0.04878048780487805
77 0.8150000000000001 0.6073170731707317 0.09000000000000001 0.14146341463414633
77 0.93 0.6585365853658537 0.08 0.058536585365853655
77 0.9683333333333334 0.7780487804878049 0.05666666666666667 0.09268292682926829
77 0.6183333333333334 0.1024390243902439 0.08333333333333334 0.07804878048780488
77 0.7083333333333334 0.2121951219512195 0.12333333333333334 0.12195121951219512
77 0.8500000000000001 0.2146341463414634 0.07333333333333333 0.13658536585365855
77 0.8650000000000001 0.46829268292682924 0.11 0.22439024390243903
77 0.9433333333333334 0.4121951219512195 0.06666666666666667 0.21951219512195122
