78 0.38904299583911234 0.24210526315789474 0.1955617198335645 0.21754385964912282
78 0.39875173370319 0.08508771929824561 0.17891816920943135 0.13157894736842105
78 0.6109570041608877 0.5464912280701755 0.17891816920943135 0.22982456140350876
78 0.5249653259361997 0.2789473684210526 0.1650485436893204 0.3087719298245614
78 0.6671289875173371 0.6964912280701755 0.08321775312066575 0.12631578947368421
78 0.6629680998613038 0.8614035087719298 0.1608876560332871 0.17543859649122806
78 0.7343966712898752 0.7429824561403509 0.15672676837725383 0.19473684210526315
78 0.8217753120665742 0.9096491228070176 0.1650485436893204 0.17719298245614035
78 0.6914008321775312 0.9385964912280702 0.13730929264909847 0.11929824561403508
78 0.4812760055478502 0.5964912280701754 0.17475728155339806 0.20701754385964913
78 0.5402219140083218 0.7078947368421052 0.14840499306518726 0.15964912280701754
