77 0.14833333333333334 0.2 0.09000000000000001 0.25365853658536586
77 0.04833333333333334 0.3195121951219512 0.09666666666666668 0.11219512195121951
77 0.05333333333333334 0.47317073170731705 0.10666666666666667 0.11707317073170731
77 0.22333333333333336 0.28292682926829266 0.04666666666666667 0.07804878048780488
77 0.28500000000000003 0.2926829268292683 0.10333333333333335 0.15609756097560976
77 0.40166666666666667 0.22682926829268293 0.13 0.15121951219512195
77 0.07166666666666667 0.7048780487804878 0.13 0.25853658536585367
77 0.31 0.5170731707317073 0.14 0.15609756097560976
77 0.4316666666666667 0.5390243902439025 0.11666666666666667 0.2780487804878049
77 0.38333333333333336 0.8 0.13333333333333333 0.23414634146341462
77 0.5283333333333333 0.8292682926829268 0.10333333333333335 0.25365853658536586
77 0.5866666666666667 0.5878048780487805 0.11333333333333334 0.21951219512195122
77 0.6816666666666668 0.5463414634146342 0.18333333333333335 0.2634146341463415
77 0.6216666666666667 0.08780487804878048 0.07666666666666667 0.07804878048780488
77 0.6966666666666667 0.2073170731707317 0.1 0.13170731707317074
77 0.8366666666666667 0.2121951219512195 0.07333333333333333 0.1024390243902439
77 0.8766666666666667 0.45365853658536587 0.06666666666666667 0.23414634146341462
77 0.9450000000000001 0.3975609756097561 0.09666666666666668 0.21951219512195122
77 0.7316666666666667 0.7414634146341463 0.05 0.15609756097560976
77 0.8200000000000001 0.6048780487804878 0.1 0.11707317073170731
77 0.9283333333333333 0.6634146341463415 0.07666666666666667 0.07804878048780488
77 0.8733333333333334 0.7414634146341463 0.10666666666666667 0.0975609756097561
77 0.8583333333333334 0.8878048780487805 0.16333333333333333 0.12682926829268293
77 0.9633333333333334 0.775609756097561 0.06666666666666667 0.1073170731707317
