77 0.19375 0.5416666666666667 0.0925 0.07666666666666667
77 0.255 0.5383333333333333 0.1 0.06333333333333334
77 0.295 0.4816666666666667 0.075 0.11666666666666667
77 0.32875 0.35000000000000003 0.0475 0.10666666666666667
77 0.4525 0.5583333333333333 0.11 0.11
77 0.62375 0.5583333333333333 0.0725 0.15666666666666668
77 0.6225 0.2066666666666667 0.045 0.1
77 0.5962500000000001 0.03166666666666667 0.1125 0.06333333333333334
77 0.65375 0.08166666666666667 0.1225 0.13
77 0.7525000000000001 0.22666666666666668 0.16 0.14666666666666667
77 0.76 0.5 0.16 0.19333333333333336
77 0.875 0.61 0.145 0.18000000000000002
