77 0.09444444444444444 0.6403508771929824 0.08888888888888889 0.08771929824561403
77 0.11666666666666667 0.7368421052631579 0.06666666666666667 0.12280701754385964
77 0.18611111111111112 0.75 0.07222222222222223 0.11403508771929824
77 0.3138888888888889 0.7412280701754386 0.10555555555555556 0.09649122807017543
77 0.325 0.7807017543859649 0.08333333333333334 0.08771929824561403
77 0.4166666666666667 0.8333333333333333 0.12222222222222223 0.14035087719298245
77 0.47222222222222227 0.37280701754385964 0.13333333333333333 0.11403508771929824
77 0.4666666666666667 0.4956140350877193 0.12222222222222223 0.11403508771929824
77 0.4666666666666667 0.6184210526315789 0.12222222222222223 0.09649122807017543
77 0.5361111111111111 0.8026315789473684 0.16111111111111112 0.09649122807017543
77 0.5472222222222223 0.8903508771929824 0.09444444444444444 0.09649122807017543
77 0.7611111111111112 0.9078947368421052 0.12222222222222223 0.09649122807017543
77 0.6916666666666667 0.9517543859649122 0.05 0.07894736842105263
77 0.7527777777777778 0.956140350877193 0.11666666666666667 0.07017543859649122
77 0.9277777777777778 0.18859649122807015 0.13333333333333333 0.07894736842105263
77 0.8361111111111111 0.3640350877192982 0.09444444444444444 0.13157894736842105
77 0.5638888888888889 0.22807017543859648 0.09444444444444444 0.12280701754385964
77 0.6777777777777778 0.22368421052631576 0.12222222222222223 0.14912280701754385
77 0.6527777777777778 0.3070175438596491 0.09444444444444444 0.07017543859649122
77 0.6444444444444445 0.3640350877192982 0.11111111111111112 0.11403508771929824
77 0.6527777777777778 0.4473684210526315 0.09444444444444444 0.10526315789473684
