77 0.03666666666666667 0.5075000000000001 0.060000000000000005 0.165
77 0.030000000000000002 0.7125 0.060000000000000005 0.105
77 0.12000000000000001 0.2925 0.14 0.365
77 0.19166666666666668 0.43 0.043333333333333335 0.16
77 0.26833333333333337 0.46 0.13 0.23
77 0.41833333333333333 0.375 0.24333333333333335 0.22
77 0.7200000000000001 0.3275 0.13333333333333333 0.17500000000000002
77 0.6266666666666667 0.165 0.08 0.1
77 0.8716666666666667 0.325 0.07 0.16
77 0.29833333333333334 0.8125 0.17 0.225
77 0.4216666666666667 0.795 0.11666666666666667 0.4
77 0.5616666666666666 0.8725 0.11666666666666667 0.245
77 0.6866666666666668 0.8075 0.2 0.365
77 0.9033333333333334 0.705 0.11333333333333334 0.36
77 0.9700000000000001 0.6575 0.05333333333333334 0.225
