78 0.1447811447811448 0.052845528455284556 0.18181818181818182 0.10569105691056911
78 0.29966329966329963 0.0813008130081301 0.20202020202020202 0.13821138211382114
78 0.4882154882154882 0.07113821138211383 0.26936026936026936 0.14227642276422767
78 0.771043771043771 0.1626016260162602 0.16835016835016833 0.1869918699186992
78 0.4074074074074074 0.3434959349593496 0.1212121212121212 0.10975609756097562
78 0.3013468013468013 0.29268292682926833 0.15151515151515152 0.13821138211382114
78 0.4124579124579124 0.45325203252032525 0.18518518518518517 0.1829268292682927
78 0.5286195286195285 0.5386178861788619 0.13468013468013468 0.1585365853658537
78 0.39225589225589225 0.7154471544715448 0.1717171717171717 0.22764227642276424
78 0.5555555555555556 0.6361788617886179 0.08754208754208753 0.10162601626016261
78 0.569023569023569 0.7073170731707318 0.11447811447811447 0.1626016260162602
78 0.6060606060606061 0.9126016260162603 0.16835016835016833 0.16666666666666669
78 0.6212121212121212 0.7987804878048781 0.10437710437710437 0.11788617886178863
78 0.7188552188552189 0.8922764227642277 0.1111111111111111 0.12601626016260165
