79 0.2653333333333333 0.341897233201581 0.216 0.31225296442687744
79 0.528 0.33399209486166004 0.17066666666666666 0.28063241106719367
79 0.12933333333333333 0.06719367588932806 0.14666666666666667 0.13438735177865613
79 0.3426666666666667 0.07312252964426877 0.14133333333333334 0.14624505928853754
79 0.7186666666666667 0.12252964426877469 0.152 0.22134387351778656
79 0.6733333333333333 0.38735177865612647 0.12 0.1818181818181818
79 0.8706666666666666 0.5375494071146245 0.19999999999999998 0.17391304347826086
79 0.17733333333333332 0.5454545454545454 0.264 0.1818181818181818
79 0.39866666666666667 0.7154150197628458 0.19999999999999998 0.18972332015810275
79 0.050666666666666665 0.808300395256917 0.10133333333333333 0.1067193675889328
79 0.372 0.9229249011857706 0.152 0.14624505928853754
79 0.628 0.6521739130434783 0.088 0.11067193675889328
79 0.8786666666666666 0.12450592885375493 0.13066666666666665 0.18577075098814227
79 0.94 0.8893280632411067 0.104 0.1660079051383399
