79 0.3805970149253731 0.5251396648044693 0.3805970149253731 0.4245810055865922
79 0.5708955223880597 0.8603351955307262 0.291044776119403 0.2011173184357542
79 0.6138059701492538 0.2709497206703911 0.2126865671641791 0.21787709497206706
79 0.7313432835820896 0.05027932960893855 0.14925373134328357 0.1005586592178771
79 0.9104477611940298 0.3435754189944134 0.17164179104477612 0.22905027932960895
79 0.8227611940298507 0.6396648044692738 0.19776119402985073 0.2737430167597765
79 0.046641791044776115 0.44972067039106145 0.08582089552238806 0.20670391061452514
79 0.1044776119402985 0.1787709497206704 0.1044776119402985 0.1452513966480447
79 0.9365671641791045 0.10893854748603353 0.1044776119402985 0.16201117318435754
79 0.9067164179104478 0.835195530726257 0.13432835820895522 0.17318435754189945
