79 0.28500000000000003 0.1225 0.11 0.145
79 0.4216666666666667 0.1675 0.08333333333333334 0.115
79 0.24500000000000002 0.5275 0.17666666666666667 0.255
79 0.058333333333333334 0.64 0.10333333333333335 0.18
79 0.17500000000000002 0.8 0.12333333333333334 0.23
79 0.18166666666666667 0.9075 0.27 0.17500000000000002
79 0.6566666666666667 0.14 0.22666666666666668 0.22
79 0.75 0.34750000000000003 0.30000000000000004 0.265
79 0.49833333333333335 0.48 0.25 0.22
79 0.44333333333333336 0.7275 0.29333333333333333 0.275
79 0.75 0.6175 0.13333333333333333 0.255
79 0.8200000000000001 0.0925 0.12000000000000001 0.185
79 0.7016666666666667 0.7975 0.14333333333333334 0.135
79 0.9533333333333334 0.1275 0.08666666666666667 0.135
79 0.9633333333333334 0.4025 0.06666666666666667 0.245
