79 0.12173913043478261 0.2125 0.24347826086956523 0.425
79 0.11594202898550725 0.6196428571428572 0.2028985507246377 0.175
79 0.39855072463768115 0.4946428571428571 0.2811594202898551 0.375
79 0.41594202898550725 0.125 0.10144927536231885 0.25
79 0.7811594202898551 0.36607142857142855 0.4318840579710145 0.6535714285714286
79 0.11014492753623188 0.8178571428571428 0.2028985507246377 0.17857142857142858
79 0.45217391304347826 0.8303571428571428 0.09855072463768116 0.175
79 0.5681159420289855 0.7660714285714285 0.15072463768115943 0.1392857142857143
79 0.682608695652174 0.8767857142857143 0.18840579710144928 0.18214285714285713
79 0.8782608695652174 0.8232142857142857 0.08695652173913043 0.175
