82 0.10666666666666666 0.2645161290322581 0.13777777777777778 0.23870967741935484
82 0.2833333333333333 0.24193548387096775 0.18444444444444444 0.27741935483870966
82 0.32555555555555554 0.45 0.1711111111111111 0.2032258064516129
82 0.4955555555555556 0.1435483870967742 0.13333333333333333 0.16451612903225807
82 0.24444444444444444 0.8435483870967742 0.28888888888888886 0.3064516129032258
82 0.49777777777777776 0.4064516129032258 0.12444444444444444 0.24516129032258063
82 0.6444444444444445 0.31129032258064515 0.14222222222222222 0.18387096774193548
82 0.5955555555555555 0.5064516129032258 0.20444444444444446 0.1935483870967742
82 0.7066666666666667 0.8774193548387097 0.2222222222222222 0.23870967741935484
82 0.81 0.5387096774193548 0.12222222222222222 0.17419354838709677
82 0.9066666666666666 0.8241935483870968 0.1288888888888889 0.19032258064516128
82 0.6577777777777778 0.6758064516129032 0.17777777777777778 0.17096774193548386
82 0.5233333333333333 0.9048387096774193 0.11777777777777777 0.18387096774193548
